2000
2019.8
2039.2
2058.2
2076.8
2095
2112.8
2130.2
2147.2
2163.8
2180
2195.8
2211.2
2226.2
2240.8
2255
2268.8
2282.2
2295.2
2307.8
2320
2331.8
2343.2
2354.2
2364.8
2375
2384.8
2394.2
2403.2
2411.8
2420
2427.8
2435.2
2442.2
2448.8
2455
2460.8
2466.2
2471.2
2475.8
2480
2483.8
2487.2
2490.2
2492.8
2495
2496.8
2498.2
2499.2
2499.8
2500
2499.8
2499.2
2498.2
2496.8
2495
2492.8
2490.2
2487.2
2483.8
2480
2475.8
2471.2
2466.2
2460.8
2455
2448.8
2442.2
2435.2
2427.8
2420
2411.8
2403.2
2394.2
2384.8
2375
2364.8
2354.2
2343.2
2331.8
2320
2307.8
2295.2
2282.2
2268.8
2255
2240.8
2226.2
2211.2
2195.8
2180
2163.8
2147.2
2130.2
2112.8
2095
2076.8
2058.2
2039.2
2019.8
2000
