0.02
0.02058808
0.02115264
0.02169416
0.02221312
0.02271
0.02318528
0.02363944
0.02407296
0.02448632
0.02488
0.02525448
0.02561024
0.02594776
0.02626752
0.02657
0.02685568
0.02712504
0.02737856
0.02761672
0.02784
0.02804888
0.02824384
0.02842536
0.02859392
0.02875
0.02889408
0.02902664
0.02914816
0.02925912
0.02936
0.02945128
0.02953344
0.02960696
0.02967232
0.02973
0.02978048
0.02982424
0.02986176
0.02989352
0.02992
0.02994168
0.02995904
0.02997256
0.02998272
0.02999
0.02999488
0.02999784
0.02999936
0.02999992
0.03
0.02999992
0.02999936
0.02999784
0.02999488
0.02999
0.02998272
0.02997256
0.02995904
0.02994168
0.02992
0.02989352
0.02986176
0.02982424
0.02978048
0.02973
0.02967232
0.02960696
0.02953344
0.02945128
0.02936
0.02925912
0.02914816
0.02902664
0.02889408
0.02875
0.02859392
0.02842536
0.02824384
0.02804888
0.02784
0.02761672
0.02737856
0.02712504
0.02685568
0.02657
0.02626752
0.02594776
0.02561024
0.02525448
0.02488
0.02448632
0.02407296
0.02363944
0.02318528
0.02271
0.02221312
0.02169416
0.02115264
0.02058808
0.02
