0.1
0.09529536
0.09077888
0.08644672
0.08229504
0.07832
0.07451776
0.07088448
0.06741632
0.06410944
0.06096
0.05796416
0.05511808
0.05241792
0.04985984
0.04744
0.04515456
0.04299968
0.04097152
0.03906624
0.03728
0.03560896
0.03404928
0.03259712
0.03124864
0.03
0.02884736
0.02778688
0.02681472
0.02592704
0.02512
0.02438976
0.02373248
0.02314432
0.02262144
0.02216
0.02175616
0.02140608
0.02110592
0.02085184
0.02064
0.02046656
0.02032768
0.02021952
0.02013824
0.02008
0.02004096
0.02001728
0.02000512
0.02000064
0.02
0.02000064
0.02000512
0.02001728
0.02004096
0.02008
0.02013824
0.02021952
0.02032768
0.02046656
0.02064
0.02085184
0.02110592
0.02140608
0.02175616
0.02216
0.02262144
0.02314432
0.02373248
0.02438976
0.02512
0.02592704
0.02681472
0.02778688
0.02884736
0.03
0.03124864
0.03259712
0.03404928
0.03560896
0.03728
0.03906624
0.04097152
0.04299968
0.04515456
0.04744
0.04985984
0.05241792
0.05511808
0.05796416
0.06096
0.06410944
0.06741632
0.07088448
0.07451776
0.07832
0.08229504
0.08644672
0.09077888
0.09529536
0.1
