0
7.92
15.68
23.28
30.72
38
45.12
52.08
58.88
65.52
72
78.32
84.48
90.48
96.32
102
107.52
112.88
118.08
123.12
128
132.72
137.28
141.68
145.92
150
153.92
157.68
161.28
164.72
168
171.12
174.08
176.88
179.52
182
184.32
186.48
188.48
190.32
192
193.52
194.88
196.08
197.12
198
198.72
199.28
199.68
199.92
200
199.92
199.68
199.28
198.72
198
197.12
196.08
194.88
193.52
192
190.32
188.48
186.48
184.32
182
179.52
176.88
174.08
171.12
168
164.72
161.28
157.68
153.92
150
145.92
141.68
137.28
132.72
128
123.12
118.08
112.88
107.52
102
96.32
90.48
84.48
78.32
72
65.52
58.88
52.08
45.12
38
30.72
23.28
15.68
7.92
0
